-2.0 0.0 -0.800000011920929 1.0 0.0 0.0 0.0
-2.0 0.0 -0.800000011920929 1.0 0.0 0.0 0.0
-2.0 0.0 -0.800000011920929 1.0 0.0 0.0 0.0
-2.0 0.0 -0.800000011920929 1.0 0.0 0.0 0.0
-2.0 0.0 -0.800000011920929 1.0 0.0 0.0 0.0
-2.0 0.0 -0.800000011920929 1.0 0.0 0.0 0.0
-2.0 0.0 -0.800000011920929 1.0 0.0 0.0 0.0
-2.0 0.0 -0.800000011920929 1.0 0.0 0.0 0.0
-2.0 0.0 -0.800000011920929 1.0 0.0 0.0 0.0
-1.9974555969238281 0.0 -0.800000011920929 1.0 0.0 0.0 0.0
-1.9925765991210938 0.0 -0.800000011920929 1.0 0.0 0.0 0.0
-1.9855561256408691 0.0 -0.800000011920929 1.0 0.0 0.0 0.0
-1.976574420928955 0.0 -0.800000011920929 1.0 0.0 0.0 0.0
-1.9657959938049316 0.0 -0.800000011920929 1.0 0.0 0.0 0.0
-1.9533696174621582 0.0 -0.800000011920929 1.0 0.0 0.0 0.0
-1.9394326210021973 0.0 -0.800000011920929 1.0 0.0 0.0 0.0
-1.9241089820861816 0.0 -0.800000011920929 1.0 0.0 0.0 0.0
-1.9075169563293457 0.0 -0.800000011920929 1.0 0.0 0.0 0.0
-1.8897614479064941 0.0 -0.800000011920929 1.0 0.0 0.0 0.0
-1.8709397315979004 0.0 -0.800000011920929 1.0 0.0 0.0 0.0
-1.8511395454406738 0.0 -0.800000011920929 1.0 0.0 0.0 0.0
-1.8304429054260254 0.0 -0.800000011920929 1.0 0.0 0.0 0.0
-1.8089271783828735 2.3770262487232685e-05 -0.800000011920929 0.9999991655349731 0.0 0.0 0.0012731478782370687
-1.7866628170013428 7.579277735203505e-05 -0.8000000715255737 0.9999931454658508 0.0 0.0 0.0037133400328457355
-1.7637109756469727 0.00016609719023108482 -0.800000011920929 0.9999738931655884 0.0 0.0 0.007223285268992186
-1.740128993988037 0.000309309340082109 -0.800000011920929 0.9999313950538635 0.0 0.0 0.011713726446032524
-1.715970516204834 0.0005238037556409836 -0.800000011920929 0.9998537302017212 0.0 0.0 0.017102735117077827
-1.6912856101989746 0.0008309743134304881 -0.8000000715255737 0.999728262424469 0.0 0.0 0.023315047845244408
-1.666120171546936 0.0012545923236757517 -0.8000000715255737 0.9995414614677429 0.0 0.0 0.03028148040175438
-1.6405166387557983 0.0018202466890215874 -0.8000000715255737 0.9992801547050476 0.0 0.0 0.03793836385011673
-1.6145153045654297 0.0025548539124429226 -0.8000000715255737 0.9989309906959534 0.0 0.0 0.04622706398367882
-1.5881527662277222 0.0034862367901951075 -0.8000000715255737 0.9984812140464783 0.0 0.0 0.055093519389629364
-1.5614638328552246 0.00464275199919939 -0.8000000715255737 0.9979185461997986 0.0 0.0 0.06448785960674286
-1.5344830751419067 0.006052972748875618 -0.8000000715255737 0.9972311854362488 0.0 0.0 0.07436402887105942
-1.507243037223816 0.007745413575321436 -0.8000000715255737 0.9964082837104797 0.0 0.0 0.08467946201562881
-1.479774832725525 0.00974828191101551 -0.8000000715255737 0.9954395294189453 0.0 0.0 0.09539476037025452
-1.4521069526672363 0.012089278548955917 -0.8000000715255737 0.9943155646324158 0.0 0.0 0.10647344589233398
-1.424268364906311 0.014795429073274136 -0.8000000715255737 0.9930276870727539 0.0 0.0 0.11788171529769897
-1.3962860107421875 0.017892908304929733 -0.8000000715255737 0.9915679097175598 0.0 0.0 0.12958820164203644
-1.3681886196136475 0.02140692062675953 -0.8000000715255737 0.9899291396141052 0.0 0.0 0.1415637880563736
-1.3400030136108398 0.02536163479089737 -0.800000011920929 0.9881048798561096 0.0 0.0 0.15378141403198242
-1.3117560148239136 0.029780026525259018 -0.8000000715255737 0.9860894680023193 0.0 0.0 0.1662159115076065
-1.2834724187850952 0.03468382731080055 -0.8000000715255737 0.9838775396347046 0.0 0.0 0.17884385585784912
-1.2551789283752441 0.04009348526597023 -0.800000011920929 0.9814646244049072 0.0 0.0 0.19164340198040009
-1.226900577545166 0.046028126031160355 -0.800000011920929 0.9788468480110168 0.0 0.0 0.2045941948890686
-1.1986638307571411 0.052505455911159515 -0.8000000715255737 0.9760208129882812 0.0 0.0 0.2176772505044937
-1.1704936027526855 0.05954170972108841 -0.8000000715255737 0.9729835391044617 0.0 0.0 0.23087477684020996
-1.1424145698547363 0.06715182960033417 -0.8000000715255737 0.9697324633598328 0.0 0.0 0.2441702038049698
-1.1144534349441528 0.07534918934106827 -0.8000000715255737 0.9662655591964722 0.0 0.0 0.2575479745864868
-1.0866330862045288 0.08414578437805176 -0.8000000715255737 0.962581217288971 0.0 0.0 0.27099353075027466
-1.058979868888855 0.09355205297470093 -0.800000011920929 0.9586780667304993 0.0 0.0 0.28449317812919617
-1.0315167903900146 0.10357712209224701 -0.800000011920929 0.9545552134513855 0.0 0.0 0.298034131526947
-1.0042704343795776 0.11422859132289886 -0.8000000715255737 0.9502120614051819 0.0 0.0 0.3116043210029602
-0.9772639274597168 0.12551265954971313 -0.800000011920929 0.9456478953361511 0.0 0.0 0.32519230246543884
-0.9505228400230408 0.13743413984775543 -0.8000000715255737 0.9408629536628723 0.0 0.0 0.3387874960899353
-0.9240713715553284 0.1499963253736496 -0.800000011920929 0.9358570575714111 0.0 0.0 0.35237976908683777
-0.8979331851005554 0.16320142149925232 -0.8000000715255737 0.9306308031082153 0.0 0.0 0.36595961451530457
-0.8721319437026978 0.17705009877681732 -0.8000000715255737 0.925184428691864 0.0 0.0 0.3795180320739746
-0.8466912508010864 0.19154159724712372 -0.800000011920929 0.9195185899734497 0.0 0.0 0.39304643869400024
-0.821634829044342 0.2066739946603775 -0.8000000715255737 0.9136344194412231 0.0 0.0 0.40653684735298157
-0.7969862818717957 0.22244416177272797 -0.8000000715255737 0.9075327515602112 0.0 0.0 0.41998153924942017
-0.7727681994438171 0.23884780704975128 -0.8000000715255737 0.901214599609375 0.0 0.0 0.43337318301200867
-0.7490023970603943 0.2558792233467102 -0.8000000715255737 0.8946813941001892 0.0 0.0 0.4467048943042755
-0.7257124185562134 0.2735317349433899 -0.8000000715255737 0.8879344463348389 0.0 0.0 0.45997005701065063
-0.702919065952301 0.29179757833480835 -0.8000000715255737 0.8809752464294434 0.0 0.0 0.47316238284111023
-0.6806439757347107 0.3106674551963806 -0.8000000715255737 0.8738054037094116 0.0 0.0 0.486275851726532
-0.6589078903198242 0.3301312029361725 -0.8000000715255737 0.8664265275001526 0.0 0.0 0.4993046522140503
-0.6377314925193787 0.35017815232276917 -0.800000011920929 0.8588403463363647 0.0 0.0 0.5122432708740234
-0.6171356439590454 0.370796263217926 -0.8000000715255737 0.8510489463806152 0.0 0.0 0.525086522102356
-0.5971390008926392 0.39197203516960144 -0.8000000715255737 0.8430538773536682 0.0 0.0 0.5378292202949524
-0.5777605175971985 0.4136919677257538 -0.8000000715255737 0.8348572850227356 0.0 0.0 0.5504665374755859
-0.5590188503265381 0.4359411597251892 -0.8000000715255737 0.8264611959457397 0.0 0.0 0.5629937648773193
-0.5409329533576965 0.45870381593704224 -0.8000000715255737 0.8178676962852478 0.0 0.0 0.5754064321517944
-0.5235186815261841 0.4819631278514862 -0.800000011920929 0.8090788125991821 0.0 0.0 0.5877000689506531
-0.5067939162254333 0.5057023167610168 -0.8000000715255737 0.8000970482826233 0.0 0.0 0.5998706221580505
-0.49077358841896057 0.5299031734466553 -0.8000000715255737 0.7909244298934937 0.0 0.0 0.6119138598442078
-0.47547367215156555 0.5545466542243958 -0.800000011920929 0.7815632820129395 0.0 0.0 0.6238259673118591
-0.4609091877937317 0.5796135067939758 -0.8000000715255737 0.7720160484313965 0.0 0.0 0.6356030702590942
-0.4470936357975006 0.6050837635993958 -0.800000011920929 0.7622849941253662 0.0 0.0 0.647241473197937
-0.4340410530567169 0.6309373378753662 -0.8000000715255737 0.752372682094574 0.0 0.0 0.6587377190589905
-0.4217635691165924 0.6571522355079651 -0.8000000715255737 0.7422815561294556 0.0 0.0 0.6700882315635681
-0.41027331352233887 0.6837065815925598 -0.8000000715255737 0.7320140600204468 0.0 0.0 0.6812896132469177
-0.3995814323425293 0.7105783820152283 -0.8000000715255737 0.7215728163719177 0.0 0.0 0.6923386454582214
-0.38969865441322327 0.7377447485923767 -0.800000011920929 0.7109602689743042 0.0 0.0 0.7032321691513062
-0.3806346654891968 0.7651818990707397 -0.8000000715255737 0.7001792788505554 0.0 0.0 0.7139671444892883
-0.3723978102207184 0.7928669452667236 -0.8000000715255737 0.689232349395752 0.0 0.0 0.7245404720306396
-0.36499688029289246 0.8207760453224182 -0.800000011920929 0.6781221628189087 0.0 0.0 0.7349492311477661
-0.35843876004219055 0.8488845229148865 -0.800000011920929 0.6668515205383301 0.0 0.0 0.7451906204223633
-0.35273030400276184 0.8771675825119019 -0.8000000715255737 0.6554231643676758 0.0 0.0 0.7552618980407715
-0.34787699580192566 0.9056005477905273 -0.800000011920929 0.6438398361206055 0.0 0.0 0.7651602625846863
-0.34388381242752075 0.9341576099395752 -0.800000011920929 0.6321043968200684 0.0 0.0 0.7748832106590271
-0.34075525403022766 0.9628132581710815 -0.800000011920929 0.6202196478843689 0.0 0.0 0.7844281792640686
-0.3384939432144165 0.9915426969528198 -0.8000000715255737 0.6081885695457458 0.0 0.0 0.7937926054000854
-0.3371029496192932 1.0203198194503784 -0.8000000715255737 0.5960139632225037 0.0 0.0 0.8029741048812866
-0.3365834355354309 1.049118995666504 -0.800000011920929 0.5836988091468811 0.0 0.0 0.8119702339172363
-0.3369365930557251 1.0779139995574951 -0.800000011920929 0.5712460875511169 0.0 0.0 0.8207787871360779
-0.33816221356391907 1.1066783666610718 -0.8000000715255737 0.5586588382720947 0.0 0.0 0.8293976783752441
-0.34025952219963074 1.1353873014450073 -0.8000000715255737 0.5459398627281189 0.0 0.0 0.8378243446350098
-0.34322643280029297 1.1640124320983887 -0.8000000715255737 0.5330924391746521 0.0 0.0 0.8460570573806763
-0.34706076979637146 1.1925290822982788 -0.8000000715255737 0.5201195478439331 0.0 0.0 0.8540935516357422
-0.3517594635486603 1.220910668373108 -0.800000011920929 0.5070242285728455 0.0 0.0 0.8619317412376404
-0.3573179841041565 1.2491326332092285 -0.800000011920929 0.4938097298145294 0.0 0.0 0.8695699572563171
-0.36373138427734375 1.2771683931350708 -0.800000011920929 0.4804791212081909 0.0 0.0 0.8770061135292053
-0.3709941506385803 1.304991364479065 -0.8000000715255737 0.4670356512069702 0.0 0.0 0.8842385411262512
-0.37909990549087524 1.332576870918274 -0.8000000715255737 0.45348238945007324 0.0 0.0 0.8912652730941772
-0.38804084062576294 1.3599004745483398 -0.8000000715255737 0.43982261419296265 0.0 0.0 0.8980847597122192
-0.39780861139297485 1.3869354724884033 -0.8000000715255737 0.4260594844818115 0.0 0.0 0.9046952128410339
-0.4083949625492096 1.4136574268341064 -0.800000011920929 0.4121963083744049 0.0 0.0 0.9110950827598572
-0.4197896718978882 1.4400416612625122 -0.800000011920929 0.39823639392852783 0.0 0.0 0.9172828197479248
-0.4319825768470764 1.4660634994506836 -0.8000000715255737 0.38418301939964294 0.0 0.0 0.9232569932937622
-0.4449620246887207 1.4916985034942627 -0.8000000715255737 0.37003952264785767 0.0 0.0 0.9290160536766052
-0.45871642231941223 1.5169239044189453 -0.8000000715255737 0.35580918192863464 0.0 0.0 0.9345586895942688
-0.47323277592658997 1.5417170524597168 -0.8000000715255737 0.3414953947067261 0.0 0.0 0.9398835301399231
-0.4884975254535675 1.5660535097122192 -0.8000000715255737 0.327101469039917 0.0 0.0 0.9449892640113831
-0.504497230052948 1.5899103879928589 -0.800000011920929 0.312630832195282 0.0 0.0 0.9498746991157532
-0.5212160348892212 1.6132670640945435 -0.8000000715255737 0.298086941242218 0.0 0.0 0.9545387625694275
-0.5386394262313843 1.6361007690429688 -0.800000011920929 0.2834731638431549 0.0 0.0 0.958980143070221
-0.5567510724067688 1.658390998840332 -0.8000000715255737 0.2687929570674896 0.0 0.0 0.9631980061531067
-0.5755337476730347 1.6801167726516724 -0.8000000715255737 0.25404974818229675 0.0 0.0 0.967191219329834
-0.5949701070785522 1.7012574672698975 -0.8000000715255737 0.23924696445465088 0.0 0.0 0.9709587693214417
-0.6150420308113098 1.7217942476272583 -0.8000000715255737 0.22438815236091614 0.0 0.0 0.9744999408721924
-0.6357312202453613 1.7417083978652954 -0.8000000715255737 0.20947670936584473 0.0 0.0 0.9778136610984802
-0.6570176482200623 1.7609808444976807 -0.8000000715255737 0.19451621174812317 0.0 0.0 0.9808993339538574
-0.6788820624351501 1.7795929908752441 -0.8000000715255737 0.17951013147830963 0.0 0.0 0.9837561845779419
-0.7013044953346252 1.7975279092788696 -0.8000000715255737 0.16446200013160706 0.0 0.0 0.9863834977149963
-0.7242637872695923 1.8147704601287842 -0.800000011920929 0.1493753045797348 0.0 0.0 0.9887805581092834
-0.7477380037307739 1.8313020467758179 -0.8000000715255737 0.1342536211013794 0.0 0.0 0.9909470081329346
-0.7717061638832092 1.847109317779541 -0.8000000715255737 0.11910048127174377 0.0 0.0 0.992882251739502
-0.7961452603340149 1.8621776103973389 -0.800000011920929 0.10391940176486969 0.0 0.0 0.9945856928825378
-0.8210324645042419 1.8764915466308594 -0.8000000715255737 0.08871398866176605 0.0 0.0 0.9960571527481079
-0.8463447690010071 1.8900383710861206 -0.800000011920929 0.0734877660870552 0.0 0.0 0.9972960948944092
-0.8720593452453613 1.9028048515319824 -0.8000000715255737 0.05824431777000427 0.0 0.0 0.9983024597167969
-0.8981513977050781 1.914779782295227 -0.8000000715255737 0.042987160384655 0.0 0.0 0.9990756511688232
-0.9245960712432861 1.9259521961212158 -0.8000000715255737 0.027719903737306595 0.0 0.0 0.9996157884597778
-0.9513696432113647 1.9363106489181519 -0.8000000715255737 0.012446087785065174 0.0 0.0 0.9999225735664368
-0.9784472584724426 1.9458459615707397 -0.8000000715255737 -0.00283069908618927 0.0 0.0 0.9999960660934448
-1.0058032274246216 1.954550862312317 -0.8000000715255737 -0.018106898292899132 0.0 0.0 0.9998361468315125
-1.0334117412567139 1.9624159336090088 -0.800000011920929 -0.03337893262505531 0.0 0.0 0.9994427561759949
-1.0612483024597168 1.9694339036941528 -0.8000000715255737 -0.048643216490745544 0.0 0.0 0.9988162517547607
-1.089285969734192 1.9755975008010864 -0.8000000715255737 -0.06389620900154114 0.0 0.0 0.9979566335678101
-1.1174982786178589 1.9809010028839111 -0.8000000715255737 -0.07913434505462646 0.0 0.0 0.9968639612197876
-1.1458585262298584 1.9853410720825195 -0.8000000715255737 -0.0943540409207344 0.0 0.0 0.9955387711524963
-1.1743420362472534 1.9889122247695923 -0.8000000715255737 -0.10955175012350082 0.0 0.0 0.993981122970581
-1.2029203176498413 1.9916107654571533 -0.8000000715255737 -0.12472393363714218 0.0 0.0 0.9921915531158447
-1.2315685749053955 1.993435263633728 -0.8000000715255737 -0.13986703753471375 0.0 0.0 0.9901703000068665
-1.260258436203003 1.9943838119506836 -0.8000000715255737 -0.15497753024101257 0.0 0.0 0.9879180192947388
-1.2889630794525146 1.9944548606872559 -0.8000000715255737 -0.17005187273025513 0.0 0.0 0.9854351878166199
-1.31765615940094 1.9936505556106567 -0.8000000715255737 -0.18508654832839966 0.0 0.0 0.982722282409668
-1.3463109731674194 1.9919692277908325 -0.8000000715255737 -0.20007802546024323 0.0 0.0 0.9797799587249756
-1.3749009370803833 1.9894131422042847 -0.8000000715255737 -0.21502284705638885 0.0 0.0 0.9766091108322144
-1.4033994674682617 1.985984206199646 -0.800000011920929 -0.2299174815416336 0.0 0.0 0.9732101559638977
-1.4317800998687744 1.9816864728927612 -0.8000000715255737 -0.2447584867477417 0.0 0.0 0.9695841073989868
-1.4600163698196411 1.9765242338180542 -0.800000011920929 -0.2595423460006714 0.0 0.0 0.9657317399978638
-1.488081455230713 1.9705013036727905 -0.8000000715255737 -0.27426567673683167 0.0 0.0 0.961654007434845
-1.515949010848999 1.9636236429214478 -0.800000011920929 -0.2889249920845032 0.0 0.0 0.9573517441749573
-1.5435943603515625 1.9558972120285034 -0.800000011920929 -0.30351686477661133 0.0 0.0 0.9528260827064514
-1.570991039276123 1.9473298788070679 -0.8000000715255737 -0.3180379271507263 0.0 0.0 0.9480780363082886
-1.5981123447418213 1.937929391860962 -0.800000011920929 -0.33248475193977356 0.0 0.0 0.9431086182594299
-1.6249339580535889 1.9277055263519287 -0.800000011920929 -0.34685400128364563 0.0 0.0 0.9379191398620605
-1.6514310836791992 1.9166661500930786 -0.800000011920929 -0.36114227771759033 0.0 0.0 0.9325107336044312
-1.6775791645050049 1.9048227071762085 -0.8000000715255737 -0.37534627318382263 0.0 0.0 0.9268847107887268
-1.703351616859436 1.8921869993209839 -0.800000011920929 -0.3894626200199127 0.0 0.0 0.921042263507843
-1.7287260293960571 1.8787685632705688 -0.8000000715255737 -0.4034881293773651 0.0 0.0 0.914984941482544
-1.7536793947219849 1.8645811080932617 -0.8000000715255737 -0.4174194633960724 0.0 0.0 0.9087139964103699
-1.7781873941421509 1.8496379852294922 -0.8000000715255737 -0.4312533140182495 0.0 0.0 0.9022309184074402
-1.802227258682251 1.8339545726776123 -0.8000000715255737 -0.44498658180236816 0.0 0.0 0.8955373167991638
-1.8257763385772705 1.8175426721572876 -0.800000011920929 -0.4586159288883209 0.0 0.0 0.8886345624923706
-1.8488138914108276 1.8004193305969238 -0.8000000715255737 -0.47213831543922424 0.0 0.0 0.8815245032310486
-1.8713172674179077 1.7826000452041626 -0.800000011920929 -0.4855504333972931 0.0 0.0 0.8742086291313171
-1.893265724182129 1.7641019821166992 -0.8000000715255737 -0.4988492727279663 0.0 0.0 0.8666887879371643
-1.9146385192871094 1.7449426651000977 -0.8000000715255737 -0.5120316743850708 0.0 0.0 0.8589666485786438
-1.9354168176651 1.7251391410827637 -0.800000011920929 -0.5250945091247559 0.0 0.0 0.8510438799858093
-1.9555798768997192 1.7047088146209717 -0.800000011920929 -0.5380347967147827 0.0 0.0 0.8429226279258728
-1.9751089811325073 1.683672547340393 -0.8000000715255737 -0.5508495569229126 0.0 0.0 0.8346046209335327
-1.9939870834350586 1.6620497703552246 -0.800000011920929 -0.5635356903076172 0.0 0.0 0.8260917067527771
-2.0121965408325195 1.6398594379425049 -0.8000000715255737 -0.5760903358459473 0.0 0.0 0.8173860907554626
-2.0297181606292725 1.6171245574951172 -0.800000011920929 -0.5885105133056641 0.0 0.0 0.8084895610809326
-2.046536445617676 1.5938642024993896 -0.8000000715255737 -0.6007933020591736 0.0 0.0 0.7994044423103333
-2.062636137008667 1.5701013803482056 -0.800000011920929 -0.6129358410835266 0.0 0.0 0.7901326417922974
-2.0780022144317627 1.5458569526672363 -0.8000000715255737 -0.6249353289604187 0.0 0.0 0.780676543712616
-2.0926196575164795 1.5211541652679443 -0.8000000715255737 -0.6367889642715454 0.0 0.0 0.7710381746292114
-2.1064774990081787 1.4960174560546875 -0.8000000715255737 -0.6484940052032471 0.0 0.0 0.76121985912323
-2.119560718536377 1.4704681634902954 -0.8000000715255737 -0.6600476503372192 0.0 0.0 0.7512237429618835
-2.1318578720092773 1.4445308446884155 -0.800000011920929 -0.671447217464447 0.0 0.0 0.7410523891448975
-2.1433582305908203 1.418230414390564 -0.8000000715255737 -0.6826900839805603 0.0 0.0 0.7307080626487732
-2.1540462970733643 1.3915915489196777 -0.8000000715255737 -0.693773627281189 0.0 0.0 0.7201932072639465
-2.1639187335968018 1.3646372556686401 -0.8000000715255737 -0.7046952247619629 0.0 0.0 0.7095102667808533
-2.1729607582092285 1.3373939990997314 -0.8000000715255737 -0.7154523134231567 0.0 0.0 0.6986616253852844
-2.181168556213379 1.3098887205123901 -0.8000000715255737 -0.7260424494743347 0.0 0.0 0.6876499652862549
-2.1885311603546143 1.2821440696716309 -0.8000000715255737 -0.7364631295204163 0.0 0.0 0.6764777302742004
-2.1950409412384033 1.2541887760162354 -0.8000000715255737 -0.7467119693756104 0.0 0.0 0.6651476621627808
-2.2006945610046387 1.226047396659851 -0.800000011920929 -0.7567864060401917 0.0 0.0 0.6536622643470764
-2.205484628677368 1.1977466344833374 -0.8000000715255737 -0.7666842937469482 0.0 0.0 0.6420243978500366
-2.209411144256592 1.1693130731582642 -0.800000011920929 -0.7764031291007996 0.0 0.0 0.6302366256713867
-2.2124671936035156 1.140771508216858 -0.800000011920929 -0.7859407663345337 0.0 0.0 0.6183017492294312
-2.214648723602295 1.1121504306793213 -0.8000000715255737 -0.7952950596809387 0.0 0.0 0.6062226295471191
-2.2159526348114014 1.0834764242172241 -0.8000000715255737 -0.8044636249542236 0.0 0.0 0.5940019488334656
-2.2163825035095215 1.0547761917114258 -0.800000011920929 -0.8134444355964661 0.0 0.0 0.5816426277160645
-2.215935230255127 1.026076078414917 -0.8000000715255737 -0.8222354650497437 0.0 0.0 0.5691475868225098
-2.2146108150482178 0.9974029064178467 -0.800000011920929 -0.8308344483375549 0.0 0.0 0.556519627571106
-2.212409496307373 0.9687831997871399 -0.8000000715255737 -0.8392395973205566 0.0 0.0 0.5437618494033813
-2.2093353271484375 0.9402443766593933 -0.800000011920929 -0.8474487662315369 0.0 0.0 0.5308771133422852
-2.205392360687256 0.9118121266365051 -0.8000000715255737 -0.8554602861404419 0.0 0.0 0.5178685188293457
-2.2005808353424072 0.8835139274597168 -0.800000011920929 -0.8632720112800598 0.0 0.0 0.504738986492157
-2.194908618927002 0.8553763031959534 -0.8000000715255737 -0.8708823323249817 0.0 0.0 0.4914916753768921
-2.1883795261383057 0.827424943447113 -0.800000011920929 -0.8782892823219299 0.0 0.0 0.4781295955181122
-2.180997848510742 0.7996863126754761 -0.8000000715255737 -0.8854913115501404 0.0 0.0 0.4646559953689575
-2.172771453857422 0.7721859216690063 -0.800000011920929 -0.892486572265625 0.0 0.0 0.45107385516166687
-2.1637117862701416 0.744949460029602 -0.8000000715255737 -0.899273693561554 0.0 0.0 0.43738657236099243
-2.153822898864746 0.7180023789405823 -0.800000011920929 -0.9058507084846497 0.0 0.0 0.4235970675945282
-2.1431164741516113 0.6913703680038452 -0.8000000715255737 -0.9122164249420166 0.0 0.0 0.40970876812934875
-2.1316003799438477 0.6650778651237488 -0.8000000715255737 -0.9183692336082458 0.0 0.0 0.3957248032093048
-2.119286060333252 0.6391496062278748 -0.800000011920929 -0.9243075847625732 0.0 0.0 0.3816484212875366
-2.1061851978302 0.6136090755462646 -0.8000000715255737 -0.9300302863121033 0.0 0.0 0.3674830198287964
-2.0923094749450684 0.5884810090065002 -0.8000000715255737 -0.9355358481407166 0.0 0.0 0.353231817483902
-2.077674388885498 0.5637889504432678 -0.8000000715255737 -0.9408231377601624 0.0 0.0 0.3388981819152832
-2.062291145324707 0.539555549621582 -0.8000000715255737 -0.9458907246589661 0.0 0.0 0.3244854211807251
-2.046175479888916 0.5158034563064575 -0.800000011920929 -0.9507375359535217 0.0 0.0 0.30999690294265747
-2.029338836669922 0.4925544261932373 -0.800000011920929 -0.9553624987602234 0.0 0.0 0.2954360842704773
-2.011800527572632 0.46983063220977783 -0.8000000715255737 -0.9597644805908203 0.0 0.0 0.2808063328266144
-1.993575930595398 0.44765326380729675 -0.8000000715255737 -0.9639424681663513 0.0 0.0 0.26611101627349854
-1.9746841192245483 0.4260430634021759 -0.8000000715255737 -0.9678953886032104 0.0 0.0 0.25135353207588196
-1.955140471458435 0.40502026677131653 -0.8000000715255737 -0.9716224670410156 0.0 0.0 0.2365374118089676
-1.9349641799926758 0.38460421562194824 -0.8000000715255737 -0.9751226902008057 0.0 0.0 0.22166603803634644
-1.9141725301742554 0.3648141920566559 -0.800000011920929 -0.9783952832221985 0.0 0.0 0.20674292743206024
-1.8927866220474243 0.3456685245037079 -0.8000000715255737 -0.9814395904541016 0.0 0.0 0.19177161157131195
-1.8708254098892212 0.3271850645542145 -0.8000000715255737 -0.9842548370361328 0.0 0.0 0.17675553262233734
-1.8483102321624756 0.30938124656677246 -0.800000011920929 -0.9868402481079102 0.0 0.0 0.16169816255569458
-1.8252618312835693 0.29227346181869507 -0.8000000715255737 -0.9891954660415649 0.0 0.0 0.14660309255123138
-1.8017014265060425 0.2758781313896179 -0.800000011920929 -0.9913196563720703 0.0 0.0 0.13147376477718353
-1.7776501178741455 0.260210245847702 -0.8000000715255737 -0.9932125806808472 0.0 0.0 0.11631377786397934
-1.7531324625015259 0.2452843338251114 -0.8000000715255737 -0.9948736429214478 0.0 0.0 0.10112663358449936
-1.7281696796417236 0.2311144322156906 -0.8000000715255737 -0.9963024258613586 0.0 0.0 0.08591586351394653
-1.7027864456176758 0.2177136391401291 -0.8000000715255737 -0.9974987506866455 0.0 0.0 0.07068504393100739
-1.6770057678222656 0.20509476959705353 -0.800000011920929 -0.9984621405601501 0.0 0.0 0.055437710136175156
-1.650850534439087 0.1932692527770996 -0.8000000715255737 -0.9991925954818726 0.0 0.0 0.04017745330929756
-1.6243473291397095 0.18224850296974182 -0.8000000715255737 -0.9996897578239441 0.0 0.0 0.02490781620144844
-1.5975191593170166 0.17204250395298004 -0.8000000715255737 -0.9999536871910095 0.0 0.0 0.009632368572056293
-1.5703907012939453 0.16266100108623505 -0.8000000715255737 -0.999984085559845 0.0 0.0 -0.0056453426368534565
-1.542988657951355 0.1541125625371933 -0.8000000715255737 -0.9997811913490295 0.0 0.0 -0.02092173509299755
-1.5153378248214722 0.14640523493289948 -0.800000011920929 -0.9993448257446289 0.0 0.0 -0.036193255335092545
-1.4874647855758667 0.13954642415046692 -0.8000000715255737 -0.9986752867698669 0.0 0.0 -0.05145632103085518
-1.459396243095398 0.1335422694683075 -0.800000011920929 -0.9977725744247437 0.0 0.0 -0.06670736521482468
-1.431156873703003 0.12839849293231964 -0.8000000715255737 -0.9966370463371277 0.0 0.0 -0.0819428414106369
-1.4027732610702515 0.1241198256611824 -0.800000011920929 -0.9952688217163086 0.0 0.0 -0.09715916961431503
-1.3742722272872925 0.12071020156145096 -0.8000000715255737 -0.9936683773994446 0.0 0.0 -0.11235282570123672
-1.3456802368164062 0.11817292869091034 -0.8000000715255737 -0.9918360114097595 0.0 0.0 -0.12752024829387665
-1.3170239925384521 0.11651039123535156 -0.8000000715255737 -0.9897721409797668 0.0 0.0 -0.14265792071819305
-1.2883299589157104 0.11572400480508804 -0.800000011920929 -0.9874771237373352 0.0 0.0 -0.1577622890472412
-1.2596266269683838 0.11581459641456604 -0.800000011920929 -0.9849516749382019 0.0 0.0 -0.17282982170581818
-1.2309389114379883 0.11678216606378555 -0.8000000715255737 -0.9821963906288147 0.0 0.0 -0.1878570169210434
-1.2022950649261475 0.11862564086914062 -0.8000000715255737 -0.9792118668556213 0.0 0.0 -0.20284035801887512
-1.1737197637557983 0.1213434711098671 -0.8000000715255737 -0.9759986996650696 0.0 0.0 -0.2177763283252716
-1.145241618156433 0.12493292987346649 -0.8000000715255737 -0.9725578427314758 0.0 0.0 -0.23266150057315826
-1.1168851852416992 0.12939082086086273 -0.8000000715255737 -0.9688898921012878 0.0 0.0 -0.24749235808849335
-1.0886789560317993 0.13471287488937378 -0.800000011920929 -0.9649957418441772 0.0 0.0 -0.2622654438018799
-1.0606476068496704 0.1408943086862564 -0.8000000715255737 -0.9608765244483948 0.0 0.0 -0.2769773304462433
-1.032819390296936 0.14792922139167786 -0.8000000715255737 -0.956532895565033 0.0 0.0 -0.2916245460510254
-1.0052191019058228 0.15581095218658447 -0.800000011920929 -0.9519659876823425 0.0 0.0 -0.3062037229537964
-0.977871835231781 0.16453216969966888 -0.8000000715255737 -0.947176992893219 0.0 0.0 -0.3207114636898041
-0.9508040547370911 0.17408479750156403 -0.8000000715255737 -0.9421668648719788 0.0 0.0 -0.3351443409919739
-0.9240408539772034 0.18446005880832672 -0.800000011920929 -0.9369367361068726 0.0 0.0 -0.3494989573955536
-0.8976067900657654 0.19564801454544067 -0.8000000715255737 -0.931488037109375 0.0 0.0 -0.36377203464508057
-0.8715274930000305 0.2076384425163269 -0.800000011920929 -0.925821840763092 0.0 0.0 -0.37796011567115784
-0.8458265066146851 0.2204200178384781 -0.800000011920929 -0.9199396371841431 0.0 0.0 -0.3920600414276123
-0.8205275535583496 0.23398084938526154 -0.8000000715255737 -0.9138427376747131 0.0 0.0 -0.40606844425201416
-0.7956551313400269 0.24830815196037292 -0.8000000715255737 -0.9075324535369873 0.0 0.0 -0.41998204588890076
-0.7712319493293762 0.2633886933326721 -0.8000000715255737 -0.9010103940963745 0.0 0.0 -0.4337976574897766
-0.7472806572914124 0.2792084515094757 -0.800000011920929 -0.8942779302597046 0.0 0.0 -0.4475119709968567
-0.7238239645957947 0.29575252532958984 -0.8000000715255737 -0.8873368501663208 0.0 0.0 -0.46112188696861267
-0.7008834481239319 0.31300556659698486 -0.800000011920929 -0.880188524723053 0.0 0.0 -0.4746241271495819
-0.6784809231758118 0.33095118403434753 -0.8000000715255737 -0.8728349804878235 0.0 0.0 -0.48801568150520325
-0.6566370725631714 0.3495730757713318 -0.8000000715255737 -0.8652775287628174 0.0 0.0 -0.5012932419776917
-0.6353726387023926 0.36885347962379456 -0.800000011920929 -0.8575180768966675 0.0 0.0 -0.5144537687301636
-0.6147065162658691 0.38877466320991516 -0.800000011920929 -0.8495585918426514 0.0 0.0 -0.5274942517280579
-0.5946592688560486 0.4093179702758789 -0.8000000715255737 -0.8414008021354675 0.0 0.0 -0.540411651134491
-0.5752488970756531 0.4304641783237457 -0.8000000715255737 -0.8330466151237488 0.0 0.0 -0.5532028675079346
-0.5564932823181152 0.4521932005882263 -0.800000011920929 -0.8244979381561279 0.0 0.0 -0.5658649206161499
-0.5384101867675781 0.47448498010635376 -0.8000000715255737 -0.8157568573951721 0.0 0.0 -0.5783950090408325
-0.521016538143158 0.49731892347335815 -0.8000000715255737 -0.8068254590034485 0.0 0.0 -0.5907900333404541
-0.504329264163971 0.5206736922264099 -0.8000000715255737 -0.7977055907249451 0.0 0.0 -0.6030471324920654
-0.4883630573749542 0.5445274114608765 -0.800000011920929 -0.7883995175361633 0.0 0.0 -0.6151635050773621
-0.47313305735588074 0.5688579082489014 -0.8000000715255737 -0.7789095640182495 0.0 0.0 -0.6271362900733948
-0.45865342020988464 0.5936421155929565 -0.800000011920929 -0.7692376971244812 0.0 0.0 -0.6389626860618591
-0.4449377655982971 0.618857204914093 -0.8000000715255737 -0.759386420249939 0.0 0.0 -0.6506400108337402
-0.43199867010116577 0.6444793343544006 -0.8000000715255737 -0.7493578195571899 0.0 0.0 -0.6621654033660889
-0.4198482632637024 0.6704846620559692 -0.8000000715255737 -0.7391542792320251 0.0 0.0 -0.6735362410545349
-0.40849819779396057 0.6968492865562439 -0.8000000715255737 -0.7287781834602356 0.0 0.0 -0.6847499012947083
-0.3979587256908417 0.7235485315322876 -0.8000000715255737 -0.7182320356369019 0.0 0.0 -0.695803701877594
-0.3882400095462799 0.7505574822425842 -0.8000000715255737 -0.7075182199478149 0.0 0.0 -0.7066951394081116
-0.3793509006500244 0.7778505086898804 -0.8000000715255737 -0.6966392993927002 0.0 0.0 -0.7174216508865356
-0.371299684047699 0.8054019212722778 -0.8000000715255737 -0.6855977177619934 0.0 0.0 -0.7279806733131409
-0.36409422755241394 0.83318692445755 -0.8000000715255737 -0.6743961572647095 0.0 0.0 -0.7383698225021362
-0.3577409088611603 0.8611788749694824 -0.8000000715255737 -0.663037121295929 0.0 0.0 -0.7485865950584412
-0.3522456884384155 0.889352023601532 -0.8000000715255737 -0.6515233516693115 0.0 0.0 -0.7586286664009094
-0.34761402010917664 0.9176798462867737 -0.8000000715255737 -0.6398575305938721 0.0 0.0 -0.76849365234375
-0.34384992718696594 0.9461356997489929 -0.8000000715255737 -0.6280423402786255 0.0 0.0 -0.7781791687011719
-0.34095701575279236 0.9746938347816467 -0.8000000715255737 -0.6160805821418762 0.0 0.0 -0.7876831889152527
-0.33893781900405884 1.0033267736434937 -0.800000011920929 -0.6039749383926392 0.0 0.0 -0.7970032691955566
-0.33779406547546387 1.0320086479187012 -0.8000000715255737 -0.5917284488677979 0.0 0.0 -0.8061373829841614
-0.33752739429473877 1.0607112646102905 -0.8000000715255737 -0.579343855381012 0.0 0.0 -0.8150833249092102
-0.33813756704330444 1.089408040046692 -0.800000011920929 -0.5668239593505859 0.0 0.0 -0.8238389492034912
-0.3396243155002594 1.1180740594863892 -0.800000011920929 -0.5541718006134033 0.0 0.0 -0.8324022889137268
-0.3419860005378723 1.1466809511184692 -0.8000000715255737 -0.5413902997970581 0.0 0.0 -0.8407714366912842
-0.34522050619125366 1.1752021312713623 -0.800000011920929 -0.5284823775291443 0.0 0.0 -0.8489442467689514
-0.34932467341423035 1.203611135482788 -0.8000000715255737 -0.515451192855835 0.0 0.0 -0.85691899061203
-0.354295015335083 1.2318813800811768 -0.8000000715255737 -0.5022996664047241 0.0 0.0 -0.8646937012672424
-0.3601270020008087 1.259986162185669 -0.800000011920929 -0.4890308678150177 0.0 0.0 -0.8722664713859558
-0.36681467294692993 1.2879010438919067 -0.800000011920929 -0.4756479859352112 0.0 0.0 -0.879635751247406
-0.3743520975112915 1.315597414970398 -0.8000000715255737 -0.4621540606021881 0.0 0.0 -0.8867997527122498
-0.38273197412490845 1.3430508375167847 -0.8000000715255737 -0.4485521912574768 0.0 0.0 -0.8937566876411438
-0.3919469118118286 1.3702346086502075 -0.800000011920929 -0.43484562635421753 0.0 0.0 -0.900505006313324
-0.40198811888694763 1.3971242904663086 -0.8000000715255737 -0.4210376441478729 0.0 0.0 -0.9070432186126709
-0.4128459393978119 1.4236952066421509 -0.800000011920929 -0.4071313142776489 0.0 0.0 -0.9133695960044861
-0.4245105981826782 1.4499226808547974 -0.8000000715255737 -0.39313003420829773 0.0 0.0 -0.919482946395874
-0.43697094917297363 1.4757803678512573 -0.800000011920929 -0.37903693318367004 0.0 0.0 -0.9253815412521362
-0.4502154290676117 1.5012454986572266 -0.8000000715255737 -0.36485540866851807 0.0 0.0 -0.931064248085022
-0.464231938123703 1.5262954235076904 -0.8000000715255737 -0.35058870911598206 0.0 0.0 -0.9365295171737671
-0.47900694608688354 1.550905466079712 -0.8000000715255737 -0.3362402021884918 0.0 0.0 -0.9417762756347656
-0.4945269823074341 1.5750513076782227 -0.800000011920929 -0.3218131959438324 0.0 0.0 -0.9468031525611877
-0.5107775926589966 1.5987119674682617 -0.8000000715255737 -0.30731111764907837 0.0 0.0 -0.9516091346740723
-0.527743399143219 1.6218647956848145 -0.800000011920929 -0.29273727536201477 0.0 0.0 -0.9561929106712341
-0.5454089641571045 1.6444891691207886 -0.8000000715255737 -0.2780951261520386 0.0 0.0 -0.9605535864830017
-0.5637571215629578 1.6665624380111694 -0.800000011920929 -0.2633880376815796 0.0 0.0 -0.9646899700164795
-0.5827714204788208 1.6880656480789185 -0.8000000715255737 -0.24861949682235718 0.0 0.0 -0.9686012864112854
-0.6024336814880371 1.7089781761169434 -0.800000011920929 -0.23379290103912354 0.0 0.0 -0.9722864031791687
-0.6227257251739502 1.7292792797088623 -0.800000011920929 -0.2189117670059204 0.0 0.0 -0.9757446646690369
-0.6436283588409424 1.748952031135559 -0.800000011920929 -0.20397953689098358 0.0 0.0 -0.9789751768112183
-0.6651224493980408 1.7679775953292847 -0.800000011920929 -0.18899966776371002 0.0 0.0 -0.981977105140686
-0.6871878504753113 1.78633713722229 -0.8000000715255737 -0.17397575080394745 0.0 0.0 -0.9847500324249268
-0.709803581237793 1.804013729095459 -0.8000000715255737 -0.15891115367412567 0.0 0.0 -0.9872929453849792
-0.7329485416412354 1.8209905624389648 -0.8000000715255737 -0.1438094675540924 0.0 0.0 -0.9896054267883301
-0.7566017508506775 1.8372526168823242 -0.8000000715255737 -0.1286742091178894 0.0 0.0 -0.991686999797821
-0.7807402610778809 1.8527848720550537 -0.8000000715255737 -0.11350890249013901 0.0 0.0 -0.9935370087623596
-0.8053420782089233 1.8675724267959595 -0.8000000715255737 -0.09831711649894714 0.0 0.0 -0.9951552152633667
-0.8303843140602112 1.8816019296646118 -0.800000011920929 -0.08310236036777496 0.0 0.0 -0.9965410232543945
-0.8558431267738342 1.894858717918396 -0.8000000715255737 -0.06786822527647018 0.0 0.0 -0.9976943731307983
-0.8816956281661987 1.9073314666748047 -0.800000011920929 -0.052618227899074554 0.0 0.0 -0.9986147284507751
-0.9079169631004333 1.9190089702606201 -0.8000000715255737 -0.03735596314072609 0.0 0.0 -0.9993020296096802
-0.9344823956489563 1.9298800230026245 -0.8000000715255737 -0.02208499051630497 0.0 0.0 -0.9997561573982239
-0.9613681435585022 1.9399336576461792 -0.800000011920929 -0.006808854639530182 0.0 0.0 -0.9999768137931824
-0.9885483980178833 1.949162244796753 -0.8000000715255737 0.008468860760331154 0.0 0.0 -0.99996417760849
-1.0159976482391357 1.9575567245483398 -0.8000000715255737 0.0237446092069149 0.0 0.0 -0.9997181296348572
-1.043690800666809 1.9651076793670654 -0.8000000715255737 0.039014820009469986 0.0 0.0 -0.9992386698722839
-1.07160222530365 1.9718097448349 -0.8000000715255737 0.054275933653116226 0.0 0.0 -0.9985260367393494
-1.099705457687378 1.9776554107666016 -0.8000000715255737 0.069524385035038 0.0 0.0 -0.9975802898406982
-1.1279737949371338 1.9826394319534302 -0.800000011920929 0.08475660532712936 0.0 0.0 -0.9964016675949097
-1.156380534172058 1.9867581129074097 -0.8000000715255737 0.09996902942657471 0.0 0.0 -0.9949905872344971
-1.1849011182785034 1.9900060892105103 -0.800000011920929 0.11515811085700989 0.0 0.0 -0.99334716796875
-1.213506817817688 1.9923815727233887 -0.8000000715255737 0.13032031059265137 0.0 0.0 -0.9914720058441162
-1.2421711683273315 1.9938830137252808 -0.8000000715255737 0.1454520970582962 0.0 0.0 -0.9893653392791748
-1.2708674669265747 1.9945067167282104 -0.800000011920929 0.16054992377758026 0.0 0.0 -0.9870277047157288
-1.2992180585861206 1.9937825202941895 -0.7999804019927979 0.1705365628004074 -0.0020432528108358383 0.0020458735525608063 -0.9853471517562866
-1.3265728950500488 1.9908965826034546 -0.7998768091201782 0.16640320420265198 -0.009790264070034027 0.009747675620019436 -0.9859610795974731
-1.3540257215499878 1.9874104261398315 -0.7996922135353088 0.16386984288692474 -0.01685956120491028 0.016842219978570938 -0.9861940741539001
-1.3815809488296509 1.9833741188049316 -0.7994117140769958 0.1628047078847885 -0.02330949902534485 0.02337440475821495 -0.9861059784889221
-1.4092340469360352 1.9788308143615723 -0.7990245223045349 0.16308586299419403 -0.029192084446549416 0.029388058930635452 -0.9857419729232788
-1.4369794130325317 1.973813772201538 -0.7985199093818665 0.1646006554365158 -0.0345536507666111 0.03492528945207596 -0.9851359724998474
-1.4648090600967407 1.9683482646942139 -0.7978914976119995 0.1672450453042984 -0.039435531944036484 0.040026064962148666 -0.9843129515647888
-1.4927105903625488 1.9624561071395874 -0.7971351742744446 0.17092306911945343 -0.04387466609477997 0.04472796991467476 -0.9832902550697327
-1.5206718444824219 1.9561482667922974 -0.7962468266487122 0.17554613947868347 -0.04790415242314339 0.04906613007187843 -0.9820800423622131
-1.5486770868301392 1.949436068534851 -0.7952264547348022 0.18103256821632385 -0.05155374854803085 0.05307313799858093 -0.9806898832321167
-1.5767112970352173 1.9423247575759888 -0.794075071811676 0.18730692565441132 -0.05485028028488159 0.05677912384271622 -0.9791240096092224
-1.604758381843567 1.9348140954971313 -0.7927939891815186 0.19429965317249298 -0.057818055152893066 0.060211826115846634 -0.9773839712142944
-1.6328011751174927 1.9269033670425415 -0.7913880944252014 0.20194649696350098 -0.06047915294766426 0.06339669227600098 -0.9754694700241089
-1.6608237028121948 1.9185879230499268 -0.7898619771003723 0.21018819510936737 -0.06285376846790314 0.06635705381631851 -0.9733793139457703
-1.6888056993484497 1.9098628759384155 -0.7882224321365356 0.21896986663341522 -0.06496035307645798 0.06911417841911316 -0.9711105227470398
-1.7167283296585083 1.9007189273834229 -0.7864764332771301 0.22824092209339142 -0.06681590527296066 0.07168745994567871 -0.968660295009613
-1.7445740699768066 1.8911486864089966 -0.7846313714981079 0.2379545271396637 -0.06843610107898712 0.0740945115685463 -0.9660248756408691
-1.7723233699798584 1.8811423778533936 -0.7826958298683167 0.2480674386024475 -0.06983550637960434 0.07635138183832169 -0.9632009863853455
-1.799956202507019 1.8706896305084229 -0.7806788086891174 0.25853949785232544 -0.07102758437395096 0.07847252488136292 -0.9601845741271973
-1.8274543285369873 1.859782099723816 -0.7785904407501221 0.26933369040489197 -0.07202491909265518 0.08047108352184296 -0.9569723606109619
-1.85479736328125 1.848408818244934 -0.776439905166626 0.2804156243801117 -0.07283926755189896 0.08235891908407211 -0.953561007976532
-1.8819650411605835 1.836560606956482 -0.7742379307746887 0.29175350069999695 -0.07348160445690155 0.08414667844772339 -0.9499472379684448
-1.9089365005493164 1.8242257833480835 -0.7719945311546326 0.3033178150653839 -0.07396221905946732 0.08584398031234741 -0.946128249168396
-1.9356929063796997 1.8113967180252075 -0.7697196006774902 0.3150811791419983 -0.07429078221321106 0.08745944499969482 -0.9421017169952393
-1.9622116088867188 1.7980668544769287 -0.7674250602722168 0.327018141746521 -0.07447637617588043 0.08900077641010284 -0.9378653168678284
-1.9884735345840454 1.7842259407043457 -0.7651205658912659 0.33910515904426575 -0.07452753186225891 0.09047489613294601 -0.9334171414375305
-2.0144596099853516 1.7698688507080078 -0.7628172039985657 0.3513202965259552 -0.07445228844881058 0.09188796579837799 -0.9287558794021606
-2.040147542953491 1.754990577697754 -0.7605248093605042 0.3636431396007538 -0.0742582306265831 0.09324544668197632 -0.9238802194595337
-2.0655148029327393 1.7395856380462646 -0.7582533359527588 0.3760547637939453 -0.07395247370004654 0.09455220401287079 -0.9187893271446228
-2.0905463695526123 1.723650336265564 -0.7560135126113892 0.3885374069213867 -0.07354172319173813 0.09581251442432404 -0.9134824872016907
-2.115217447280884 1.7071826457977295 -0.7538145780563354 0.40107473731040955 -0.07303233444690704 0.09703020006418228 -0.9079595804214478
-2.1395065784454346 1.6901804208755493 -0.7516663074493408 0.41365134716033936 -0.07243025302886963 0.09820853918790817 -0.9022204279899597
-2.163396120071411 1.6726452112197876 -0.7495778203010559 0.4262528121471405 -0.07174108177423477 0.09935043007135391 -0.8962651491165161
-2.1868646144866943 1.6545764207839966 -0.7475591897964478 0.43886590003967285 -0.07097014784812927 0.10045844316482544 -0.8900944590568542
-2.209890604019165 1.6359751224517822 -0.745618462562561 0.451477974653244 -0.07012240588665009 0.10153475403785706 -0.8837088346481323
-2.2324562072753906 1.6168462038040161 -0.7437638640403748 0.4640774130821228 -0.06920256465673447 0.10258123278617859 -0.8771090507507324
-2.254539966583252 1.5971944332122803 -0.7420044541358948 0.47665318846702576 -0.0682150274515152 0.10359949618577957 -0.87029629945755
-2.2761199474334717 1.5770243406295776 -0.7403475642204285 0.4891950190067291 -0.06716394424438477 0.10459090769290924 -0.8632717728614807
-2.297182321548462 1.556342601776123 -0.7388003468513489 0.5016931295394897 -0.06605322659015656 0.10555659979581833 -0.8560366630554199
-2.3177051544189453 1.5351552963256836 -0.7373711466789246 0.5141385793685913 -0.06488654017448425 0.10649753361940384 -0.8485926389694214
-2.3376705646514893 1.5134726762771606 -0.7360653877258301 0.5265228748321533 -0.06366736441850662 0.10741450637578964 -0.8409414291381836
-2.3570563793182373 1.491304636001587 -0.7348902225494385 0.5388378500938416 -0.06239892914891243 0.1083080843091011 -0.8330844044685364
-2.3758482933044434 1.4686610698699951 -0.7338522672653198 0.55107581615448 -0.061084289103746414 0.10917879641056061 -0.8250237703323364
-2.394028663635254 1.4455558061599731 -0.7329568266868591 0.5632297396659851 -0.05972630903124809 0.1100270077586174 -0.8167614340782166
-2.41157865524292 1.4220004081726074 -0.7322083711624146 0.5752928256988525 -0.058327678591012955 0.11085294932126999 -0.8082993030548096
-2.4284842014312744 1.3980085849761963 -0.7316135168075562 0.5872586369514465 -0.056890930980443954 0.11165681481361389 -0.7996395826339722
-2.444730758666992 1.373593807220459 -0.7311757802963257 0.59912109375 -0.055418454110622406 0.11243869364261627 -0.7907845973968506
-2.4602997303009033 1.3487733602523804 -0.7308996915817261 0.610874354839325 -0.053912483155727386 0.11319860070943832 -0.7817365527153015
-2.475177049636841 1.3235626220703125 -0.730789840221405 0.6225130558013916 -0.052375126630067825 0.11393652111291885 -0.772497832775116
-2.4893476963043213 1.2979787588119507 -0.7308498620986938 0.6340317726135254 -0.050808340311050415 0.11465234309434891 -0.7630707621574402
-2.5027973651885986 1.2720390558242798 -0.7310824990272522 0.6454257369041443 -0.04921400547027588 0.11534595489501953 -0.7534580230712891
-2.515515089035034 1.245762586593628 -0.7314913868904114 0.6566900014877319 -0.047593854367733 0.11601715534925461 -0.7436619997024536
-2.5274863243103027 1.2191684246063232 -0.7320782542228699 0.667820155620575 -0.0459495447576046 0.1166658028960228 -0.7336852550506592
-2.5386998653411865 1.192277431488037 -0.7328458428382874 0.6788118481636047 -0.04428262636065483 0.117291659116745 -0.7235304713249207
-2.549144983291626 1.1651087999343872 -0.7337968349456787 0.6896608471870422 -0.04259456321597099 0.1178944930434227 -0.7132002711296082
-2.5588107109069824 1.1376831531524658 -0.7349321842193604 0.700363278388977 -0.040886737406253815 0.11847402900457382 -0.7026973366737366
-2.5676863193511963 1.1100236177444458 -0.7362526059150696 0.7109153270721436 -0.039160460233688354 0.11903003603219986 -0.6920244097709656
-2.5757641792297363 1.082150936126709 -0.7377600073814392 0.7213133573532104 -0.037416961044073105 0.11956225335597992 -0.6811842918395996
-2.5830373764038086 1.0540897846221924 -0.7394551634788513 0.7315536737442017 -0.035657402127981186 0.12007037550210953 -0.6701796650886536
-2.5894949436187744 1.0258610248565674 -0.7413380742073059 0.7416331171989441 -0.03388291224837303 0.12055418640375137 -0.6590136885643005
-2.5951335430145264 0.9974893927574158 -0.7434094548225403 0.751548171043396 -0.03209453076124191 0.12101338058710098 -0.6476889848709106
-2.599945545196533 0.968997597694397 -0.7456684112548828 0.7612959146499634 -0.030293261632323265 0.12144770473241806 -0.6362085342407227
-2.603924036026001 0.9404102563858032 -0.7481148838996887 0.7708733081817627 -0.028480058535933495 0.12185690551996231 -0.6245752573013306
-2.6070690155029297 0.9117510914802551 -0.7507486343383789 0.7802773118019104 -0.02665582485496998 0.12224070727825165 -0.6127920150756836
-2.6093735694885254 0.8830456733703613 -0.7535678744316101 0.7895051836967468 -0.024821436032652855 0.12259887158870697 -0.6008619070053101
-2.6108341217041016 0.8543177247047424 -0.7565714716911316 0.7985541820526123 -0.022977715358138084 0.12293115258216858 -0.588787853717804
-2.6114509105682373 0.8255928158760071 -0.759758472442627 0.8074217438697815 -0.021125465631484985 0.12323734164237976 -0.5765729546546936
-2.6112241744995117 0.7968955039978027 -0.7631269097328186 0.8161053657531738 -0.019265446811914444 0.12351720780134201 -0.5642202496528625
-2.6101503372192383 0.7682514786720276 -0.7666738033294678 0.8246024250984192 -0.017398394644260406 0.12377052754163742 -0.5517327189445496
-2.608229875564575 0.7396861910820007 -0.7703982591629028 0.8329107761383057 -0.01552501879632473 0.12399712204933167 -0.5391135215759277
-2.605466842651367 0.7112243175506592 -0.774297297000885 0.8410279750823975 -0.013646000996232033 0.12419679015874863 -0.5263658165931702
-2.6018614768981934 0.6828913688659668 -0.7783679962158203 0.8489517569541931 -0.011762002483010292 0.12436935305595398 -0.5134927034378052
-2.5974178314208984 0.6547129154205322 -0.7826075553894043 0.8566802144050598 -0.009873670525848866 0.12451468408107758 -0.5004974603652954
-2.5921361446380615 0.6267144680023193 -0.7870129346847534 0.8642110228538513 -0.007981623522937298 0.1246325895190239 -0.48738306760787964
-2.586024284362793 0.5989207029342651 -0.7915804982185364 0.8715424537658691 -0.006086468696594238 0.12472295761108398 -0.47415289282798767
-2.5790860652923584 0.5713561773300171 -0.7963071465492249 0.8786723017692566 -0.004188794642686844 0.1247856467962265 -0.4608100950717926
-2.5713298320770264 0.5440464019775391 -0.8011881709098816 0.8855989575386047 -0.0022891764529049397 0.12482054531574249 -0.4473579227924347
-2.5627589225769043 0.5170159339904785 -0.8062207102775574 0.8923205733299255 -0.0003881762968376279 0.1248275637626648 -0.4337996244430542
-2.55338191986084 0.49028971791267395 -0.8113998174667358 0.8988351821899414 0.0015136576257646084 0.12480657547712326 -0.4201383888721466
-2.5432097911834717 0.4638921618461609 -0.8167219758033752 0.9051415324211121 0.0034157834015786648 0.1247575506567955 -0.40637776255607605
-2.5322508811950684 0.43784669041633606 -0.8221820592880249 0.9112375974655151 0.005317676346749067 0.12468037009239197 -0.3925207555294037
-2.520512580871582 0.4121774137020111 -0.8277763724327087 0.9171221256256104 0.007218812592327595 0.12457500398159027 -0.37857088446617126
-2.5080068111419678 0.3869079649448395 -0.8334992527961731 0.9227935671806335 0.009118682704865932 0.12444140017032623 -0.36453142762184143
-2.4947450160980225 0.36206141114234924 -0.8393458724021912 0.9282506108283997 0.011016782373189926 0.12427955120801926 -0.35040581226348877
-2.480738878250122 0.33766046166419983 -0.8453113436698914 0.9334915280342102 0.012912615202367306 0.12408938258886337 -0.3361973166465759
-2.466003656387329 0.3137272596359253 -0.8513900637626648 0.9385153651237488 0.014805695042014122 0.12387091666460037 -0.32190942764282227
-2.450547218322754 0.2902844548225403 -0.8575772643089294 0.9433208107948303 0.01669553481042385 0.12362414598464966 -0.30754542350769043
-2.4363760948181152 0.26882001757621765 -0.863247275352478 0.9479066133499146 0.018581662327051163 0.12334907799959183 -0.29310882091522217
-2.423383951187134 0.2491692751646042 -0.8684430122375488 0.9522716999053955 0.020463602617383003 0.12304572761058807 -0.27860307693481445
-2.4114811420440674 0.23115943372249603 -0.8732037544250488 0.9560779333114624 0.022184619680047035 0.12274245917797089 -0.26524898409843445
-2.40057373046875 0.2146531492471695 -0.8775662779808044 0.9594026803970337 0.023758484050631523 0.12244337052106857 -0.2529620826244354
-2.3905794620513916 0.19952423870563507 -0.8815633058547974 0.9623115062713623 0.025197824463248253 0.12215149402618408 -0.2416624277830124
-2.3814241886138916 0.18565776944160461 -0.8852267265319824 0.9648610949516296 0.026514217257499695 0.12186911702156067 -0.23127500712871552
-2.3730335235595703 0.17294813692569733 -0.8885834217071533 0.967099666595459 0.02771824784576893 0.12159781157970428 -0.22172953188419342
-2.3653457164764404 0.1612987518310547 -0.8916593194007874 0.969068706035614 0.028819603845477104 0.12133869528770447 -0.21296046674251556
-2.358301877975464 0.15062089264392853 -0.8944784998893738 0.9708039164543152 0.029827136546373367 0.12109244614839554 -0.20490680634975433
-2.3518476486206055 0.14083345234394073 -0.8970620036125183 0.9723356366157532 0.03074892796576023 0.12085939198732376 -0.19751185178756714
-2.345932960510254 0.13186216354370117 -0.8994300365447998 0.9736903309822083 0.031592369079589844 0.1206396147608757 -0.19072310626506805
-2.340510845184326 0.12363892793655396 -0.9016006588935852 0.9748903512954712 0.03236418217420578 0.12043298035860062 -0.18449188768863678
-2.335542917251587 0.11610133200883865 -0.9035893678665161 0.9759554862976074 0.033070534467697144 0.12023928016424179 -0.17877332866191864
-2.3309903144836426 0.10919202864170074 -0.9054122567176819 0.9769022464752197 0.03371703624725342 0.12005805224180222 -0.1735258847475052
-2.3268184661865234 0.102858766913414 -0.9070827960968018 0.9777454733848572 0.034308817237615585 0.11988890171051025 -0.1687113344669342
-2.322996139526367 0.0970534086227417 -0.9086142778396606 0.9784975051879883 0.03485056757926941 0.11973129212856293 -0.16429439187049866
-2.319492816925049 0.09173193573951721 -0.9100182056427002 0.9791692495346069 0.03534654900431633 0.11958466470241547 -0.16024255752563477
-2.316281318664551 0.08685413748025894 -0.9113051295280457 0.9797703623771667 0.03580067679286003 0.1194484606385231 -0.15652596950531006
-2.3133385181427 0.08238282799720764 -0.9124845266342163 0.9803090691566467 0.03621651604771614 0.11932210624217987 -0.1531171351671219
-2.310641288757324 0.07828425616025925 -0.9135649800300598 0.9807922840118408 0.03659731149673462 0.11920499056577682 -0.1499907225370407
-2.30816650390625 0.07452726364135742 -0.9145560264587402 0.9812266230583191 0.03694605454802513 0.11909658461809158 -0.1471235305070877
-2.305899143218994 0.07108339667320251 -0.9154644012451172 0.9816173911094666 0.037265460938215256 0.11899632960557938 -0.1444941610097885
-2.303823232650757 0.06792654097080231 -0.9162966012954712 0.9819692969322205 0.03755801543593407 0.11890365928411484 -0.14208297431468964
-2.301919937133789 0.06503278017044067 -0.9170594811439514 0.982286810874939 0.03782600164413452 0.11881810426712036 -0.1398719847202301
-2.3001739978790283 0.06238024681806564 -0.9177586436271667 0.9825734496116638 0.03807147964835167 0.11873914301395416 -0.13784462213516235
-2.2985734939575195 0.05994877219200134 -0.9183998107910156 0.9828324913978577 0.03829636424779892 0.11866630613803864 -0.13598567247390747
-2.297107219696045 0.057719916105270386 -0.9189877510070801 0.9830667972564697 0.03850238770246506 0.11859917640686035 -0.1342812031507492
-2.2957634925842285 0.05567679926753044 -0.9195263385772705 0.9832791090011597 0.03869114816188812 0.11853733658790588 -0.13271842896938324
-2.2945308685302734 0.05380396917462349 -0.9200202226638794 0.9834715127944946 0.03886409103870392 0.118480384349823 -0.13128560781478882
